1186535.8549624938 498858.6246074973
1240622.9704115966 462652.54411772743
1217563.7521015464 474535.865088301
1230982.866125881 495270.1715586582
1183055.1686484998 448795.03622679925
1246809.3280343206 473513.67324291414
1240494.540419883 447191.12724719377
1213262.9870096648 491163.84212702594
1194647.7553896368 504838.54328190204
1252451.8904174785 448932.10106155573
1177176.1726351178 480154.217826133
1255693.4293303797 470362.0878330806
1193602.5675444563 472862.7016793002
1177485.0954250887 460612.4776847821
1212618.5239231242 477367.0739979605
1195019.177449965 461173.2576673764
1193790.0424105546 475153.94782649085
1199891.3343056133 448375.8805725459
1246965.1135236577 481073.5947174513
1230183.8087837556 458425.2287451279
1260281.7568299172 499623.42227454344
1185377.969423918 467397.153190837
1236988.8460988344 490531.34322358057
1255460.6732978576 472862.1164052131
1246316.9826466113 488032.3267579859
1201058.8969331386 482976.07253917755
1250823.5928705195 498783.0592562892
1218410.083217854 483062.96569796634
1177956.4415339623 461898.97685123526
1243512.8649478669 472385.79834668885
1189856.577026644 480605.6771286935
1235403.9284930038 488287.82978709426
1207188.8846305627 473892.2927170021
1218680.142047346 494641.7999609333
1219755.3295481917 471098.65147412504
1217070.3621137734 448870.0618122032
1178726.52660416 490054.00563602493
1259477.7939965206 483318.54258046445
1208812.7316303418 457474.3610057697
1218148.3947363044 507088.1690155181
1241202.8909866742 480044.50366753916
1248916.8066859073 461253.30125222984
1219139.468911812 505278.4142444192
1224641.1691576582 475125.1148582373
1198129.5243590043 480556.63025212503
1257237.3975603844 447411.3518162732
1242331.3709846116 497211.53945378045
1251141.594774151 492322.90787027735
1244521.3447271013 478764.67541917093
1223228.6934972473 473105.60394946596
1179812.376481442 500238.52384945896
1223971.280774831 459276.8407603099
1218361.6725971852 476701.6388918425
1205649.5621721675 468215.1228011736
1221262.6266861777 485170.8666713577
1227619.4052484748 475064.9145800137
1177393.5077443523 461096.1525642327
1190217.827059082 482785.3903671963
1248978.5995464455 495864.00067556853
1243486.510595806 496964.0874841596
1196927.7139107075 498510.91155802197
1232832.1915672147 452149.77839597495
1176423.8094676393 447952.32668798923
1239919.3645187048 462315.7781665741
1184398.2188312253 485251.09636025224
1204586.8202530008 451311.27047497564
1188706.6323340866 479296.55972823576
1189438.731699108 463743.2782173367
1236138.5838137383 474854.3414281694
1202660.1082877698 476019.8863086368
1177020.523640129 470689.26183997496
1211160.334368112 458555.60277833714
1184335.75114612 502060.44761437934
1218825.3252048097 459842.3085670862
1227034.7322443821 497000.90068865335
1176778.4960271728 448154.3047138301
1187575.428989945 490998.53602429
1188758.369831998 490128.78990265005
1233267.2075506013 480355.28788839595
1193946.3296576606 506691.9736583105
1243547.8061739795 478637.61857655225
1194169.4144688046 486699.9352370619
1208924.3004489986 482258.83629296534
1202595.146638822 485626.73403216567
1180041.1145199465 465313.57597970124
1258164.3591889888 500576.1631606883
1201318.252098056 499535.88913945336
1201660.008202526 504472.89977419155
1238910.1110618259 472499.3777603272
1196675.4199964574 447580.72697152785
1250500.3900764273 449379.90891681286
1245404.238289974 505873.3525576914
1223995.448256899 457545.74442860397
1249560.555249107 506580.7768619705
1235488.347366444 478165.40968778584
1207469.5257787863 468267.2571342528
1192671.2567488137 488267.48763654777
1212194.2321438377 458927.1797437971
1183963.019414023 487766.5691668828
1200431.943772153 477610.80609623133
